0 0.310937 0.965625 0.203125 0.068750
0 0.743750 0.385417 0.162500 0.229167
0 0.578906 0.446875 0.176563 0.247917
0 0.472656 0.334375 0.151562 0.227083
0 0.370312 0.430208 0.168750 0.243750
0 0.204687 0.465625 0.181250 0.256250
0 0.040625 0.393750 0.078125 0.241667
0 0.020313 0.256250 0.034375 0.104167
0 0.203125 0.316667 0.159375 0.179167
0 0.056250 0.038542 0.109375 0.072917
0 0.081250 0.110417 0.128125 0.175000
0 0.224219 0.137500 0.126562 0.175000
0 0.267188 0.019792 0.050000 0.035417
0 0.333594 0.053125 0.104688 0.102083
0 0.424219 0.042708 0.104688 0.081250
