0 0.933594 0.854167 0.132812 0.291667
0 0.806250 0.892708 0.275000 0.214583
0 0.792188 0.681250 0.228125 0.279167
0 0.599219 0.603125 0.198437 0.281250
0 0.709375 0.405208 0.171875 0.235417
0 0.012500 0.808333 0.021875 0.170833
0 0.270313 0.532292 0.190625 0.264583
0 0.435156 0.321875 0.148438 0.214583
0 0.196094 0.251042 0.142187 0.197917
0 0.257812 0.037500 0.106250 0.070833
0 0.300000 0.089583 0.118750 0.166667
0 0.433594 0.130208 0.117188 0.168750
0 0.462500 0.016667 0.056250 0.029167
0 0.528125 0.055208 0.093750 0.106250
0 0.617188 0.045833 0.090625 0.087500
