0 0.625801 0.397629 0.084936 0.101293
0 0.782853 0.256466 0.100962 0.137931
0 0.700321 0.272629 0.022436 0.028017
0 0.610577 0.278017 0.028846 0.034483
0 0.555288 0.296336 0.033654 0.032328
0 0.566506 0.351293 0.056090 0.073276
0 0.466346 0.448276 0.092949 0.116379
0 0.442308 0.314655 0.038462 0.051724
0 0.477564 0.285560 0.025641 0.032328
0 0.463141 0.274784 0.019231 0.023707
0 0.446314 0.273707 0.017628 0.021552
0 0.346955 0.299569 0.030449 0.043103
0 0.256410 0.318966 0.051282 0.064655
0 0.181090 0.295259 0.038462 0.043103
0 0.189103 0.346983 0.064103 0.073276
0 0.059295 0.300647 0.035256 0.040948
0 0.041667 0.308190 0.044872 0.043103
