0 0.503125 0.914583 0.265625 0.170833
0 0.685937 0.286458 0.140625 0.206250
0 0.564844 0.372917 0.164062 0.233333
0 0.433594 0.289583 0.142187 0.208333
0 0.365625 0.394792 0.165625 0.235417
0 0.216406 0.468750 0.185938 0.245833
0 0.028906 0.461458 0.054688 0.222917
0 0.174219 0.338542 0.164062 0.206250
0 0.019531 0.166667 0.035937 0.170833
0 0.134375 0.159375 0.131250 0.177083
0 0.057813 0.016667 0.084375 0.029167
0 0.130469 0.025000 0.079687 0.045833
0 0.215625 0.059375 0.106250 0.114583
0 0.303125 0.037500 0.093750 0.070833
