0 0.908654 0.275862 0.041667 0.056034
0 0.990385 0.345905 0.019231 0.066810
0 0.755609 0.417026 0.088141 0.127155
0 0.756410 0.284483 0.035256 0.051724
0 0.809295 0.260776 0.025641 0.038793
0 0.751603 0.233836 0.022436 0.019397
0 0.654647 0.242457 0.017628 0.023707
0 0.125000 0.237069 0.125000 0.163793
0 0.235577 0.426724 0.102564 0.146552
0 0.536859 0.331897 0.057692 0.077586
0 0.562500 0.281250 0.032051 0.049569
0 0.373397 0.276940 0.025641 0.036638
0 0.368590 0.251078 0.022436 0.023707
0 0.398237 0.232759 0.020833 0.017241
0 0.281250 0.241379 0.020833 0.025862
0 0.500000 0.251078 0.022436 0.023707
0 0.528846 0.239224 0.016026 0.017241
