0 0.979167 0.431034 0.041667 0.112069
0 0.985577 0.317888 0.028846 0.066810
0 0.962340 0.282328 0.033654 0.043103
0 0.725160 0.229526 0.068910 0.096983
0 0.862981 0.396552 0.081731 0.099138
0 0.626603 0.297414 0.044872 0.047414
0 0.665865 0.246767 0.024038 0.032328
0 0.600160 0.247845 0.024038 0.030172
0 0.583333 0.282328 0.035256 0.038793
0 0.564904 0.270474 0.036859 0.032328
0 0.558494 0.312500 0.049679 0.056034
0 0.489583 0.265086 0.033654 0.030172
0 0.472756 0.250000 0.028846 0.021552
0 0.456731 0.245690 0.016026 0.025862
0 0.403045 0.256466 0.024038 0.030172
0 0.367788 0.272629 0.030449 0.040948
0 0.348558 0.280172 0.036859 0.043103
0 0.204327 0.282328 0.043269 0.038793
0 0.276442 0.247845 0.040064 0.034483
0 0.193109 0.262931 0.056090 0.034483
0 0.050481 0.296336 0.043269 0.053879
