0 0.049219 0.677083 0.095312 0.304167
0 0.137500 0.917708 0.271875 0.164583
0 0.300781 0.488542 0.179688 0.247917
0 0.242188 0.198958 0.131250 0.181250
0 0.278125 0.025000 0.046875 0.041667
0 0.331250 0.070833 0.112500 0.137500
0 0.461719 0.095833 0.114062 0.162500
0 0.551562 0.040625 0.100000 0.077083
0 0.636719 0.032292 0.092188 0.060417
0 0.465625 0.266667 0.137500 0.200000
0 0.725000 0.344792 0.156250 0.218750
0 0.622656 0.512500 0.179688 0.250000
0 0.801562 0.579167 0.203125 0.250000
0 0.935937 0.751042 0.128125 0.297917
0 0.808594 0.822917 0.251563 0.333333
