0 0.920673 0.259698 0.011218 0.015086
0 0.948718 0.270474 0.025641 0.023707
0 0.737179 0.302802 0.041667 0.045259
0 0.674679 0.262931 0.025641 0.034483
0 0.575321 0.273707 0.022436 0.034483
0 0.541667 0.262931 0.019231 0.021552
0 0.542468 0.289871 0.040064 0.040948
0 0.474359 0.366379 0.067308 0.081897
0 0.393429 0.349138 0.062500 0.068966
0 0.344551 0.231681 0.067308 0.088362
0 0.299679 0.245690 0.019231 0.021552
0 0.232372 0.294181 0.035256 0.049569
0 0.229167 0.244612 0.019231 0.028017
0 0.200321 0.278017 0.028846 0.030172
0 0.184295 0.258621 0.022436 0.021552
0 0.166667 0.307112 0.051282 0.058190
0 0.101763 0.268319 0.027244 0.023707
0 0.012821 0.267241 0.022436 0.038793
0 0.067308 0.247845 0.028846 0.038793
0 0.086538 0.244612 0.016026 0.019397
0 0.115385 0.257543 0.025641 0.028017
