0 0.744531 0.386458 0.157812 0.218750
0 0.578125 0.452083 0.171875 0.250000
0 0.019531 0.256250 0.035937 0.095833
0 0.042188 0.397917 0.081250 0.241667
0 0.053125 0.038542 0.103125 0.072917
0 0.081250 0.107292 0.121875 0.168750
0 0.225000 0.139583 0.125000 0.175000
0 0.271875 0.016667 0.040625 0.029167
0 0.334375 0.055208 0.096875 0.106250
0 0.425000 0.038542 0.093750 0.072917
0 0.473438 0.334375 0.146875 0.210417
0 0.203125 0.310417 0.159375 0.158333
0 0.203906 0.465625 0.176563 0.247917
0 0.371094 0.426042 0.160938 0.231250
0 0.301563 0.967708 0.209375 0.064583
