0 0.979167 0.322198 0.041667 0.058190
0 0.991186 0.293103 0.017628 0.038793
0 0.969551 0.267241 0.032051 0.038793
0 0.891026 0.280172 0.038462 0.047414
0 0.838942 0.245690 0.017628 0.025862
0 0.858974 0.246767 0.025641 0.032328
0 0.885417 0.255388 0.017628 0.036638
0 0.792468 0.266164 0.027244 0.040948
0 0.747596 0.271552 0.027244 0.030172
0 0.734776 0.284483 0.043269 0.038793
0 0.658654 0.254310 0.025641 0.025862
0 0.596154 0.281250 0.028846 0.040948
0 0.573718 0.260776 0.028846 0.038793
0 0.304487 0.260776 0.032051 0.038793
0 0.278045 0.359914 0.068910 0.081897
0 0.370192 0.304957 0.041667 0.062500
0 0.476763 0.297414 0.040064 0.056034
