0 0.983173 0.322198 0.033654 0.084052
0 0.118590 0.869612 0.233974 0.260776
0 0.111378 0.317888 0.049679 0.062500
0 0.104968 0.245690 0.020833 0.025862
0 0.161859 0.287716 0.048077 0.049569
0 0.421474 0.323276 0.060897 0.077586
0 0.782853 0.350216 0.068910 0.092672
0 0.766827 0.269397 0.046474 0.051724
0 0.368590 0.264009 0.048077 0.045259
0 0.262019 0.240302 0.024038 0.028017
0 0.419071 0.242457 0.008013 0.015086
0 0.565705 0.247845 0.019231 0.025862
0 0.667468 0.241379 0.017628 0.021552
0 0.474359 0.241379 0.019231 0.021552
