0 0.982372 0.264009 0.035256 0.187500
0 0.911859 0.283405 0.035256 0.049569
0 0.753205 0.255388 0.038462 0.049569
0 0.672276 0.271552 0.036859 0.043103
0 0.695513 0.294181 0.038462 0.049569
0 0.444712 0.275862 0.049679 0.047414
0 0.421474 0.223060 0.028846 0.028017
0 0.420673 0.303879 0.052885 0.064655
0 0.337340 0.260776 0.040064 0.047414
0 0.312500 0.354526 0.083333 0.084052
0 0.250000 0.286638 0.048077 0.056034
0 0.224359 0.253233 0.028846 0.032328
0 0.187500 0.260776 0.038462 0.056034
0 0.032051 0.304957 0.060897 0.088362
0 0.038462 0.441810 0.073718 0.150862
