0 0.108173 0.342672 0.088141 0.103448
0 0.135417 0.242457 0.030449 0.028017
0 0.204327 0.289871 0.046474 0.058190
0 0.307692 0.275862 0.038462 0.056034
0 0.415865 0.237069 0.024038 0.034483
0 0.431090 0.271552 0.035256 0.038793
0 0.500801 0.245690 0.027244 0.034483
0 0.564904 0.267241 0.030449 0.038793
0 0.576923 0.255388 0.022436 0.036638
0 0.613782 0.251078 0.025641 0.036638
0 0.699519 0.262931 0.024038 0.038793
0 0.762019 0.308190 0.072115 0.077586
0 0.824519 0.297414 0.043269 0.056034
0 0.793269 0.275862 0.032051 0.034483
0 0.773237 0.254310 0.024038 0.025862
0 0.820513 0.247845 0.025641 0.030172
0 0.668269 0.237069 0.012821 0.021552
0 0.685897 0.238147 0.022436 0.019397
0 0.891026 0.245690 0.022436 0.017241
0 0.957532 0.225216 0.084936 0.109914
