0 0.192969 0.435417 0.182812 0.250000
0 0.959375 0.310417 0.081250 0.225000
0 0.338281 0.357292 0.160938 0.227083
0 0.842187 0.319792 0.162500 0.218750
0 0.753906 0.219792 0.129688 0.197917
0 0.665625 0.264583 0.137500 0.200000
0 0.530469 0.260417 0.139063 0.200000
0 0.367188 0.179167 0.125000 0.179167
0 0.528125 0.151042 0.131250 0.131250
0 0.334375 0.095833 0.115625 0.150000
0 0.426563 0.037500 0.093750 0.070833
0 0.542188 0.055208 0.100000 0.106250
0 0.635938 0.025000 0.078125 0.045833
0 0.714844 0.022917 0.070312 0.041667
