0 0.985577 0.354526 0.028846 0.084052
0 0.918269 0.362069 0.067308 0.077586
0 0.668269 0.488147 0.125000 0.157328
0 0.778846 0.278017 0.035256 0.051724
0 0.626603 0.289871 0.038462 0.045259
0 0.667468 0.259698 0.020833 0.028017
0 0.383013 0.359914 0.073718 0.094828
0 0.415064 0.279095 0.016026 0.023707
0 0.200321 0.279095 0.035256 0.036638
0 0.353365 0.250000 0.024038 0.034483
0 0.516827 0.240302 0.014423 0.023707
0 0.387019 0.232759 0.020833 0.017241
0 0.112981 0.241379 0.020833 0.021552
0 0.242788 0.237069 0.014423 0.021552
