0 0.461538 0.355603 0.044872 0.064655
0 0.398237 0.346983 0.049679 0.060345
0 0.693109 0.313578 0.030449 0.062500
0 0.889423 0.280172 0.025641 0.034483
0 0.646635 0.280172 0.024038 0.025862
0 0.556090 0.285560 0.025641 0.032328
0 0.520833 0.299569 0.028846 0.038793
0 0.522436 0.280172 0.032051 0.034483
0 0.335737 0.246767 0.062500 0.088362
0 0.290865 0.258621 0.020833 0.021552
0 0.245994 0.300647 0.040064 0.049569
0 0.223558 0.267241 0.017628 0.021552
0 0.208333 0.287716 0.032051 0.040948
0 0.185096 0.272629 0.024038 0.028017
0 0.189904 0.316810 0.043269 0.047414
0 0.121795 0.280172 0.028846 0.043103
0 0.024840 0.276940 0.024038 0.032328
0 0.069712 0.261853 0.017628 0.028017
0 0.091346 0.265086 0.016026 0.025862
