0 0.813301 0.226293 0.129808 0.168103
0 0.697917 0.509698 0.145833 0.191810
0 0.565705 0.371767 0.092949 0.105603
0 0.697115 0.246767 0.028846 0.045259
0 0.605769 0.262931 0.038462 0.038793
0 0.535256 0.286638 0.048077 0.056034
0 0.440705 0.275862 0.054487 0.051724
0 0.420673 0.246767 0.024038 0.032328
0 0.400641 0.242457 0.028846 0.040948
0 0.385417 0.311422 0.059295 0.071121
0 0.359776 0.780172 0.241987 0.327586
0 0.266827 0.285560 0.046474 0.066810
0 0.132212 0.324353 0.065705 0.079741
0 0.060897 0.279095 0.048077 0.053879
0 0.021635 0.389009 0.040064 0.101293
