0 0.958333 0.227371 0.083333 0.105603
0 0.896635 0.243534 0.024038 0.021552
0 0.817308 0.242457 0.025641 0.028017
0 0.831731 0.295259 0.044872 0.051724
0 0.789263 0.273707 0.033654 0.034483
0 0.774038 0.260776 0.032051 0.030172
0 0.758013 0.304957 0.054487 0.062500
0 0.701923 0.258621 0.038462 0.043103
0 0.673077 0.231681 0.041667 0.028017
0 0.561699 0.261853 0.030449 0.045259
0 0.616186 0.253233 0.024038 0.032328
0 0.498397 0.246767 0.025641 0.032328
0 0.431891 0.269397 0.027244 0.034483
0 0.415064 0.245690 0.032051 0.043103
0 0.310897 0.280172 0.044872 0.043103
0 0.137821 0.243534 0.035256 0.038793
0 0.210737 0.293103 0.059295 0.060345
0 0.105769 0.344828 0.070513 0.090517
