0 0.050000 0.683333 0.090625 0.300000
0 0.137500 0.920833 0.268750 0.158333
0 0.300000 0.487500 0.175000 0.241667
0 0.240625 0.201042 0.128125 0.181250
0 0.275000 0.026042 0.046875 0.047917
0 0.334375 0.076042 0.103125 0.131250
0 0.464062 0.096875 0.112500 0.156250
0 0.467969 0.266667 0.139063 0.195833
0 0.553125 0.045833 0.090625 0.079167
0 0.635156 0.031250 0.098437 0.058333
0 0.725781 0.346875 0.154688 0.210417
0 0.623437 0.513542 0.171875 0.247917
0 0.801562 0.576042 0.190625 0.231250
0 0.811719 0.828125 0.245312 0.322917
0 0.938281 0.758333 0.123438 0.300000
