0 0.911058 0.281250 0.030449 0.040948
0 0.929487 0.267241 0.022436 0.034483
0 0.659455 0.266164 0.020833 0.028017
0 0.599359 0.265086 0.022436 0.025862
0 0.102564 0.239224 0.022436 0.021552
0 0.115385 0.254310 0.016026 0.025862
0 0.132212 0.273707 0.024038 0.021552
0 0.233974 0.259698 0.019231 0.023707
0 0.278045 0.280172 0.020833 0.021552
0 0.252404 0.266164 0.020833 0.028017
0 0.264423 0.257543 0.019231 0.023707
0 0.302083 0.260776 0.017628 0.017241
0 0.313301 0.252155 0.017628 0.038793
0 0.353365 0.279095 0.024038 0.028017
0 0.362179 0.260776 0.025641 0.025862
0 0.377404 0.253233 0.020833 0.019397
0 0.405449 0.245690 0.012821 0.017241
0 0.437500 0.268319 0.019231 0.023707
0 0.421474 0.257543 0.012821 0.019397
0 0.452724 0.260776 0.017628 0.025862
0 0.469551 0.267241 0.016026 0.030172
0 0.490385 0.252155 0.016026 0.021552
0 0.496795 0.271552 0.022436 0.034483
0 0.508013 0.268319 0.019231 0.023707
0 0.540865 0.239224 0.046474 0.051724
0 0.644231 0.257543 0.019231 0.019397
0 0.743590 0.260776 0.019231 0.021552
