0 0.952724 0.307112 0.052885 0.066810
0 0.863782 0.257543 0.035256 0.023707
0 0.759615 0.276940 0.041667 0.045259
0 0.716346 0.260776 0.022436 0.025862
0 0.717147 0.288793 0.036859 0.038793
0 0.647436 0.373922 0.076923 0.096983
0 0.552885 0.352371 0.070513 0.088362
0 0.390224 0.288793 0.043269 0.051724
0 0.456731 0.241379 0.032051 0.034483
0 0.508013 0.224138 0.067308 0.086207
0 0.391026 0.242457 0.019231 0.023707
0 0.347756 0.248922 0.028846 0.023707
0 0.360577 0.271552 0.028846 0.030172
0 0.321314 0.296336 0.046474 0.053879
0 0.274840 0.264009 0.030449 0.032328
0 0.283654 0.247845 0.016026 0.021552
0 0.268429 0.233836 0.020833 0.028017
0 0.249199 0.233836 0.024038 0.028017
0 0.189904 0.248922 0.033654 0.023707
0 0.139423 0.257543 0.028846 0.032328
0 0.124199 0.269397 0.043269 0.043103
0 0.048878 0.243534 0.033654 0.030172
