0 0.812500 0.235991 0.118590 0.153017
0 0.711538 0.256466 0.032051 0.034483
0 0.624199 0.260776 0.043269 0.030172
0 0.661859 0.431034 0.108974 0.142241
0 0.568910 0.353448 0.067308 0.081897
0 0.548077 0.285560 0.025641 0.036638
0 0.441506 0.553879 0.152244 0.202586
0 0.423077 0.311422 0.048077 0.071121
0 0.467949 0.279095 0.035256 0.040948
0 0.448718 0.258621 0.025641 0.030172
0 0.432692 0.250000 0.019231 0.025862
0 0.312500 0.293103 0.051282 0.047414
0 0.205128 0.313578 0.048077 0.066810
0 0.127404 0.285560 0.049679 0.053879
0 0.100160 0.359914 0.075321 0.099138
