0 0.976763 0.695043 0.046474 0.209052
0 0.729968 0.244612 0.094551 0.118534
0 0.663462 0.264009 0.028846 0.032328
0 0.587340 0.270474 0.030449 0.045259
0 0.524038 0.274784 0.028846 0.032328
0 0.528846 0.308190 0.044872 0.056034
0 0.573718 0.342672 0.070513 0.099138
0 0.451923 0.372845 0.067308 0.090517
0 0.454327 0.268319 0.020833 0.023707
0 0.423077 0.290948 0.028846 0.043103
0 0.439103 0.257543 0.022436 0.032328
0 0.422276 0.250000 0.017628 0.025862
0 0.336538 0.281250 0.035256 0.049569
0 0.265224 0.287716 0.040064 0.058190
0 0.216346 0.309267 0.054487 0.062500
0 0.181891 0.269397 0.027244 0.034483
0 0.061699 0.279095 0.030449 0.040948
0 0.080929 0.278017 0.036859 0.038793
0 0.014423 0.321121 0.025641 0.060345
