0 0.016827 0.297414 0.030449 0.056034
0 0.146635 0.287716 0.043269 0.049569
0 0.241186 0.397629 0.110577 0.127155
0 0.381410 0.294181 0.044872 0.058190
0 0.396635 0.255388 0.033654 0.032328
0 0.533654 0.301724 0.057692 0.064655
0 0.517628 0.403017 0.099359 0.107759
0 0.594551 0.405172 0.092949 0.116379
0 0.802885 0.363147 0.073718 0.088362
0 0.891827 0.316810 0.049679 0.056034
0 0.907853 0.286638 0.040064 0.051724
0 0.844551 0.237069 0.028846 0.034483
0 0.781250 0.265086 0.040064 0.047414
0 0.713141 0.293103 0.044872 0.060345
0 0.665865 0.264009 0.033654 0.045259
0 0.641827 0.266164 0.040064 0.058190
