0 0.273438 0.532292 0.187500 0.252083
0 0.197656 0.252083 0.135937 0.191667
0 0.435156 0.321875 0.142187 0.210417
0 0.707031 0.406250 0.160938 0.220833
0 0.434375 0.131250 0.115625 0.166667
0 0.297656 0.093750 0.107813 0.158333
0 0.254688 0.030208 0.103125 0.056250
0 0.462500 0.015625 0.040625 0.027083
0 0.527344 0.057292 0.098437 0.102083
0 0.614062 0.041667 0.096875 0.079167
0 0.601562 0.605208 0.190625 0.264583
0 0.792969 0.680208 0.214062 0.264583
0 0.009375 0.820833 0.015625 0.166667
0 0.805469 0.894792 0.267188 0.210417
0 0.933594 0.855208 0.132812 0.281250
