0 0.971154 0.599138 0.057692 0.193966
0 0.750000 0.508621 0.125000 0.159483
0 0.812500 0.320043 0.044872 0.058190
0 0.903846 0.275862 0.028846 0.034483
0 0.826923 0.299569 0.048077 0.060345
0 0.758814 0.283405 0.046474 0.049569
0 0.506410 0.239224 0.089744 0.107759
0 0.447115 0.256466 0.025641 0.025862
0 0.388622 0.329741 0.056090 0.077586
0 0.370192 0.258621 0.025641 0.034483
0 0.342147 0.308190 0.049679 0.064655
0 0.317308 0.276940 0.032051 0.036638
0 0.294071 0.355603 0.078526 0.081897
0 0.244391 0.271552 0.036859 0.038793
0 0.223558 0.255388 0.024038 0.028017
0 0.205128 0.259698 0.022436 0.040948
0 0.224359 0.297414 0.032051 0.043103
0 0.121795 0.287716 0.032051 0.049569
0 0.057692 0.298491 0.048077 0.058190
0 0.024038 0.323276 0.044872 0.068966
