0 0.192969 0.435417 0.179688 0.237500
0 0.339844 0.357292 0.154688 0.218750
0 0.335156 0.096875 0.110937 0.147917
0 0.367188 0.180208 0.125000 0.177083
0 0.963281 0.316667 0.073438 0.225000
0 0.843750 0.320833 0.159375 0.208333
0 0.532813 0.263542 0.134375 0.189583
0 0.664844 0.265625 0.132812 0.189583
0 0.757031 0.219792 0.126562 0.185417
0 0.528906 0.152083 0.123438 0.133333
0 0.428125 0.038542 0.093750 0.068750
0 0.541406 0.054167 0.098437 0.095833
0 0.637500 0.028125 0.087500 0.052083
0 0.717969 0.019792 0.082812 0.035417
