0 0.849359 0.776940 0.243590 0.321121
0 0.810096 0.294181 0.043269 0.049569
0 0.643429 0.312500 0.046474 0.056034
0 0.677083 0.269397 0.020833 0.034483
0 0.509615 0.251078 0.016026 0.019397
0 0.399840 0.298491 0.033654 0.045259
0 0.334135 0.422414 0.091346 0.112069
0 0.164263 0.298491 0.040064 0.049569
0 0.177083 0.278017 0.024038 0.043103
0 0.092147 0.255388 0.017628 0.023707
0 0.234776 0.251078 0.024038 0.023707
0 0.345353 0.266164 0.033654 0.036638
0 0.385417 0.252155 0.020833 0.021552
0 0.430288 0.241379 0.020833 0.021552
