0 0.972756 0.311422 0.054487 0.062500
0 0.869391 0.248922 0.020833 0.028017
0 0.822917 0.288793 0.046474 0.051724
0 0.920673 0.435345 0.100962 0.129310
0 0.653846 0.520474 0.131410 0.183190
0 0.537660 0.528017 0.123397 0.185345
0 0.759615 0.321121 0.060897 0.073276
0 0.694712 0.285560 0.033654 0.045259
0 0.663462 0.289871 0.028846 0.040948
0 0.545673 0.338362 0.072115 0.077586
0 0.370192 0.318966 0.057692 0.064655
0 0.391026 0.272629 0.041667 0.049569
0 0.089744 0.321121 0.064103 0.068966
0 0.106571 0.500000 0.139423 0.172414
