0 0.879808 0.313578 0.041667 0.062500
0 0.694712 0.336207 0.052885 0.068966
0 0.713942 0.276940 0.036859 0.036638
0 0.633814 0.250000 0.014423 0.017241
0 0.406250 0.313578 0.043269 0.058190
0 0.161859 0.285560 0.041667 0.036638
0 0.136218 0.309267 0.041667 0.049569
0 0.275641 0.537716 0.141026 0.183190
0 0.346955 0.261853 0.020833 0.028017
0 0.091346 0.254310 0.032051 0.030172
0 0.394231 0.248922 0.022436 0.023707
0 0.237981 0.247845 0.024038 0.025862
0 0.446314 0.250000 0.017628 0.025862
0 0.527244 0.252155 0.028846 0.025862
