0 0.839744 0.298491 0.054487 0.062500
0 0.806891 0.244612 0.027244 0.032328
0 0.813301 0.321121 0.052885 0.064655
0 0.728365 0.275862 0.033654 0.047414
0 0.722756 0.350216 0.060897 0.071121
0 0.665064 0.296336 0.044872 0.053879
0 0.625801 0.272629 0.030449 0.036638
0 0.596955 0.275862 0.030449 0.047414
0 0.496795 0.310345 0.051282 0.051724
0 0.482372 0.387931 0.070513 0.094828
0 0.539263 0.377155 0.068910 0.094828
0 0.362179 0.301724 0.041667 0.047414
0 0.370994 0.264009 0.033654 0.036638
0 0.245192 0.379310 0.086538 0.099138
0 0.143429 0.300647 0.036859 0.049569
0 0.018429 0.307112 0.033654 0.053879
