0 0.227564 0.489224 0.131410 0.159483
0 0.657051 0.338362 0.051282 0.060345
0 0.600160 0.322198 0.043269 0.058190
0 0.713141 0.279095 0.032051 0.058190
0 0.887821 0.302802 0.041667 0.049569
0 0.742788 0.276940 0.030449 0.028017
0 0.838141 0.268319 0.019231 0.036638
0 0.483974 0.247845 0.028846 0.034483
0 0.530449 0.234914 0.057692 0.086207
0 0.454327 0.284483 0.036859 0.047414
0 0.406250 0.289871 0.033654 0.040948
0 0.427083 0.250000 0.014423 0.017241
0 0.422276 0.269397 0.020833 0.021552
0 0.396635 0.257543 0.027244 0.032328
0 0.338942 0.259698 0.020833 0.036638
0 0.313301 0.241379 0.020833 0.030172
0 0.290064 0.235991 0.019231 0.028017
0 0.262821 0.253233 0.022436 0.028017
0 0.229968 0.265086 0.036859 0.043103
0 0.137821 0.250000 0.028846 0.025862
0 0.111378 0.275862 0.033654 0.047414
0 0.056891 0.253233 0.030449 0.028017
0 0.015224 0.288793 0.027244 0.060345
