0 0.877404 0.440733 0.100962 0.127155
0 0.966346 0.265086 0.032051 0.030172
0 0.871795 0.280172 0.032051 0.043103
0 0.846955 0.304957 0.043269 0.062500
0 0.816506 0.269397 0.033654 0.043103
0 0.732372 0.399784 0.080128 0.114224
0 0.588942 0.229526 0.075321 0.101293
0 0.538462 0.251078 0.025641 0.032328
0 0.487179 0.303879 0.051282 0.064655
0 0.466346 0.252155 0.025641 0.021552
0 0.422276 0.264009 0.027244 0.032328
0 0.446314 0.282328 0.036859 0.038793
0 0.415865 0.317888 0.049679 0.075431
0 0.348558 0.272629 0.024038 0.036638
0 0.021635 0.299569 0.040064 0.060345
0 0.026442 0.268319 0.049679 0.053879
0 0.112179 0.268319 0.035256 0.040948
0 0.189103 0.294181 0.038462 0.049569
0 0.210737 0.275862 0.040064 0.038793
0 0.255609 0.261853 0.033654 0.036638
0 0.314103 0.243534 0.019231 0.017241
0 0.331731 0.246767 0.019231 0.032328
