0 0.915064 0.245690 0.022436 0.017241
0 0.025641 0.318966 0.048077 0.077586
0 0.069712 0.295259 0.043269 0.051724
0 0.049679 0.273707 0.025641 0.038793
0 0.172276 0.317888 0.043269 0.062500
0 0.333333 0.314655 0.048077 0.064655
0 0.463141 0.240302 0.112179 0.148707
0 0.558494 0.431034 0.100962 0.129310
0 0.599359 0.244612 0.022436 0.023707
0 0.876603 0.353448 0.067308 0.081897
0 0.898237 0.282328 0.046474 0.030172
0 0.861378 0.244612 0.020833 0.028017
0 0.823718 0.253233 0.022436 0.028017
0 0.689904 0.280172 0.030449 0.030172
0 0.689904 0.259698 0.024038 0.019397
0 0.715545 0.244612 0.017628 0.023707
