0 0.952724 0.271552 0.030449 0.038793
0 0.925481 0.493534 0.123397 0.150862
0 0.740385 0.439655 0.099359 0.125000
0 0.836538 0.310345 0.044872 0.060345
0 0.860577 0.289871 0.032051 0.053879
0 0.794071 0.279095 0.027244 0.040948
0 0.556891 0.237069 0.078526 0.112069
0 0.503205 0.255388 0.028846 0.023707
0 0.452724 0.312500 0.049679 0.064655
0 0.429487 0.258621 0.022436 0.030172
0 0.407051 0.293103 0.038462 0.047414
0 0.384615 0.267241 0.025641 0.034483
0 0.372596 0.330819 0.062500 0.066810
0 0.304487 0.278017 0.032051 0.038793
0 0.055288 0.268319 0.043269 0.036638
0 0.132212 0.294181 0.040064 0.058190
0 0.153045 0.279095 0.033654 0.040948
0 0.208333 0.269397 0.028846 0.043103
0 0.267628 0.252155 0.016026 0.030172
0 0.290064 0.252155 0.028846 0.034483
