0 0.018750 0.170833 0.034375 0.170833
0 0.028906 0.459375 0.054688 0.210417
0 0.502344 0.915625 0.260937 0.168750
0 0.685156 0.285417 0.135937 0.200000
0 0.563281 0.370833 0.154688 0.225000
0 0.060937 0.014583 0.075000 0.025000
0 0.134375 0.023958 0.075000 0.043750
0 0.214844 0.056250 0.101562 0.108333
0 0.301563 0.037500 0.087500 0.070833
0 0.133594 0.158333 0.129688 0.175000
0 0.173437 0.330208 0.156250 0.185417
0 0.215625 0.468750 0.178125 0.237500
0 0.366406 0.394792 0.164062 0.231250
0 0.433594 0.288542 0.135937 0.197917
